Epoch	AUC_dev	PR_AUC	ACC	BACC	PREC	TPR	KAPPA	RECALL	f1_scores
0	0.7925	0.7046	0.6533	0.6829	0.5463	0.8369	0.3369	0.8369	0.6611
1	0.8035	0.7119	0.7106	0.7058	0.6316	0.6809	0.4065	0.6809	0.6553
2	0.8139	0.7259	0.7507	0.7280	0.7288	0.6099	0.4684	0.6099	0.6641
3	0.8181	0.7309	0.7507	0.7212	0.7547	0.5674	0.4608	0.5674	0.6478
4	0.8234	0.7442	0.7479	0.7222	0.7345	0.5887	0.4591	0.5887	0.6535
5	0.8227	0.7346	0.7536	0.7339	0.7236	0.6312	0.4776	0.6312	0.6742
6	0.8309	0.7534	0.7622	0.7297	0.7900	0.5603	0.4819	0.5603	0.6556
7	0.8357	0.7585	0.7650	0.7469	0.7360	0.6525	0.5030	0.6525	0.6917
8	0.8357	0.7552	0.7650	0.7423	0.7521	0.6241	0.4984	0.6241	0.6822
9	0.8416	0.7590	0.7622	0.7559	0.6986	0.7234	0.5090	0.7234	0.7108
10	0.8383	0.7558	0.7765	0.7645	0.7333	0.7021	0.5327	0.7021	0.7174
11	0.8353	0.7500	0.7622	0.7422	0.7377	0.6383	0.4952	0.6383	0.6844
12	0.8372	0.7540	0.7536	0.7190	0.7835	0.5390	0.4612	0.5390	0.6387
13	0.8491	0.7666	0.7564	0.7249	0.7745	0.5603	0.4707	0.5603	0.6502
14	0.8455	0.7602	0.7593	0.7353	0.7478	0.6099	0.4849	0.6099	0.6719
15	0.8471	0.7612	0.7536	0.7304	0.7350	0.6099	0.4739	0.6099	0.6667
16	0.8514	0.7709	0.7736	0.7838	0.6782	0.8369	0.5470	0.8369	0.7492
17	0.8407	0.7571	0.7650	0.7572	0.7063	0.7163	0.5132	0.7163	0.7113
18	0.8492	0.7765	0.7679	0.7585	0.7143	0.7092	0.5175	0.7092	0.7117
19	0.8489	0.7668	0.7794	0.7635	0.7500	0.6809	0.5349	0.6809	0.7138
20	0.8558	0.7782	0.7736	0.7518	0.7627	0.6383	0.5173	0.6383	0.6950
21	0.8498	0.7731	0.7650	0.7538	0.7153	0.6950	0.5099	0.6950	0.7050
22	0.8555	0.7863	0.7908	0.7834	0.7394	0.7447	0.5661	0.7447	0.7420
23	0.8575	0.7787	0.7765	0.7588	0.7520	0.6667	0.5273	0.6667	0.7068
24	0.8550	0.7803	0.7880	0.7753	0.7519	0.7092	0.5556	0.7092	0.7299
25	0.8569	0.7871	0.7822	0.7773	0.7211	0.7518	0.5509	0.7518	0.7361
26	0.8596	0.7879	0.7765	0.7600	0.7480	0.6738	0.5284	0.6738	0.7090
27	0.8533	0.7812	0.7822	0.7819	0.7097	0.7801	0.5549	0.7801	0.7432
28	0.8545	0.7841	0.7765	0.7771	0.7006	0.7801	0.5442	0.7801	0.7383
29	0.8630	0.7882	0.7622	0.7696	0.6706	0.8085	0.5220	0.8085	0.7331
30	0.8521	0.7796	0.7822	0.7773	0.7211	0.7518	0.5509	0.7518	0.7361
31	0.8593	0.7887	0.7765	0.7702	0.7172	0.7376	0.5380	0.7376	0.7273
32	0.8629	0.7907	0.7908	0.7765	0.7615	0.7021	0.5601	0.7021	0.7306
33	0.8572	0.7905	0.7765	0.7622	0.7405	0.6879	0.5305	0.6879	0.7132
34	0.8503	0.7797	0.7822	0.7533	0.8095	0.6028	0.5284	0.6028	0.6911
35	0.8666	0.8032	0.7880	0.7730	0.7597	0.6950	0.5536	0.6950	0.7259
36	0.8588	0.7906	0.7794	0.7601	0.7623	0.6596	0.5317	0.6596	0.7072
37	0.8637	0.7923	0.7880	0.7673	0.7815	0.6596	0.5484	0.6596	0.7154
38	0.8542	0.7844	0.7650	0.7606	0.6980	0.7376	0.5165	0.7376	0.7172
39	0.8533	0.7881	0.7708	0.7586	0.7259	0.6950	0.5207	0.6950	0.7101
40	0.8566	0.7938	0.7765	0.7542	0.7692	0.6383	0.5228	0.6383	0.6977
41	0.8554	0.7982	0.7765	0.7497	0.7890	0.6099	0.5183	0.6099	0.6880
42	0.8550	0.7948	0.7536	0.7521	0.6774	0.7447	0.4964	0.7447	0.7095
43	0.8621	0.8095	0.7765	0.7542	0.7692	0.6383	0.5228	0.6383	0.6977
44	0.8618	0.8109	0.7765	0.7577	0.7561	0.6596	0.5262	0.6596	0.7045
45	0.8588	0.7992	0.7822	0.7613	0.7731	0.6525	0.5361	0.6525	0.7077
46	0.8607	0.8033	0.7765	0.7531	0.7739	0.6312	0.5217	0.6312	0.6953
47	0.8576	0.7952	0.7765	0.7588	0.7520	0.6667	0.5273	0.6667	0.7068
48	0.8614	0.8027	0.7736	0.7587	0.7385	0.6809	0.5240	0.6809	0.7085
49	0.8621	0.8003	0.7679	0.7539	0.7273	0.6809	0.5130	0.6809	0.7033
50	0.8628	0.8046	0.7880	0.7810	0.7343	0.7447	0.5607	0.7447	0.7394
51	0.8662	0.8119	0.7851	0.7660	0.7705	0.6667	0.5439	0.6667	0.7148
52	0.8576	0.7978	0.7593	0.7490	0.7050	0.6950	0.4991	0.6950	0.7000
53	0.8686	0.8070	0.7937	0.7972	0.7143	0.8156	0.5812	0.8156	0.7616
54	0.8640	0.8010	0.7794	0.7578	0.7712	0.6454	0.5295	0.6454	0.7027
55	0.8637	0.8025	0.7679	0.7573	0.7174	0.7021	0.5164	0.7021	0.7097
56	0.8666	0.8129	0.7851	0.7763	0.7357	0.7305	0.5532	0.7305	0.7331
57	0.8659	0.8102	0.7736	0.7530	0.7583	0.6454	0.5184	0.6454	0.6973
58	0.8611	0.8103	0.7650	0.7561	0.7092	0.7092	0.5121	0.7092	0.7092
59	0.8712	0.8110	0.7822	0.7899	0.6923	0.8298	0.5618	0.8298	0.7548
60	0.8696	0.8128	0.7679	0.7607	0.7083	0.7234	0.5197	0.7234	0.7158
61	0.8551	0.7947	0.7736	0.7518	0.7627	0.6383	0.5173	0.6383	0.6950
62	0.8727	0.8173	0.7851	0.7729	0.7463	0.7092	0.5502	0.7092	0.7273
63	0.8661	0.8105	0.7851	0.7626	0.7845	0.6454	0.5406	0.6454	0.7082
64	0.8657	0.8110	0.7679	0.7676	0.6923	0.7660	0.5262	0.7660	0.7273
65	0.8700	0.8145	0.7794	0.7784	0.7078	0.7730	0.5486	0.7730	0.7390
66	0.8660	0.8079	0.7708	0.7631	0.7133	0.7234	0.5251	0.7234	0.7183
67	0.8698	0.8145	0.7708	0.7586	0.7259	0.6950	0.5207	0.6950	0.7101
68	0.8669	0.8101	0.7708	0.7643	0.7103	0.7305	0.5262	0.7305	0.7203
69	0.8688	0.8152	0.7708	0.7689	0.6993	0.7589	0.5304	0.7589	0.7279
70	0.8700	0.8205	0.7822	0.7591	0.7826	0.6383	0.5340	0.6383	0.7031
71	0.8628	0.8056	0.7708	0.7494	0.7563	0.6383	0.5117	0.6383	0.6923
72	0.8740	0.8195	0.7736	0.7610	0.7313	0.6950	0.5262	0.6950	0.7127
73	0.8687	0.8110	0.7736	0.7793	0.6867	0.8085	0.5430	0.8085	0.7427
74	0.8747	0.8193	0.7822	0.7750	0.7273	0.7376	0.5488	0.7376	0.7324
75	0.8720	0.8196	0.7822	0.7682	0.7481	0.6950	0.5426	0.6950	0.7206
76	0.8706	0.8174	0.7708	0.7597	0.7226	0.7021	0.5218	0.7021	0.7122
77	0.8733	0.8184	0.7708	0.7631	0.7133	0.7234	0.5251	0.7234	0.7183
78	0.8739	0.8197	0.7822	0.7728	0.7338	0.7234	0.5468	0.7234	0.7286
79	0.8719	0.8198	0.7765	0.7702	0.7172	0.7376	0.5380	0.7376	0.7273
80	0.8702	0.8158	0.7593	0.7638	0.6727	0.7872	0.5135	0.7872	0.7255
81	0.8711	0.8202	0.7822	0.7693	0.7444	0.7021	0.5436	0.7021	0.7226
82	0.8720	0.8216	0.7765	0.7622	0.7405	0.6879	0.5305	0.6879	0.7132
83	0.8738	0.8214	0.7794	0.7704	0.7286	0.7234	0.5413	0.7234	0.7260
84	0.8693	0.8185	0.7822	0.7648	0.7600	0.6738	0.5394	0.6738	0.7143
85	0.8684	0.8142	0.7708	0.7666	0.7047	0.7447	0.5283	0.7447	0.7241
86	0.8687	0.8191	0.7736	0.7735	0.6987	0.7730	0.5379	0.7730	0.7340
87	0.8721	0.8221	0.7765	0.7714	0.7143	0.7447	0.5391	0.7447	0.7292
88	0.8710	0.8168	0.7650	0.7640	0.6903	0.7589	0.5198	0.7589	0.7230
89	0.8713	0.8175	0.7679	0.7642	0.7000	0.7447	0.5230	0.7447	0.7216
90	0.8637	0.8093	0.7679	0.7539	0.7273	0.6809	0.5130	0.6809	0.7033
91	0.8685	0.8157	0.7880	0.7661	0.7863	0.6525	0.5473	0.6525	0.7132
92	0.8741	0.8238	0.7794	0.7441	0.8404	0.5603	0.5159	0.5603	0.6723
93	0.8649	0.8148	0.7822	0.7625	0.7686	0.6596	0.5372	0.6596	0.7099
94	0.8734	0.8218	0.7937	0.7881	0.7379	0.7589	0.5736	0.7589	0.7483
95	0.8742	0.8249	0.7908	0.7777	0.7576	0.7092	0.5611	0.7092	0.7326
96	0.8738	0.8248	0.7937	0.7824	0.7556	0.7234	0.5686	0.7234	0.7391
97	0.8759	0.8270	0.7880	0.7799	0.7376	0.7376	0.5597	0.7376	0.7376
98	0.8747	0.8269	0.7679	0.7653	0.6974	0.7518	0.5240	0.7518	0.7235
99	0.8762	0.8232	0.7765	0.7714	0.7143	0.7447	0.5391	0.7447	0.7292
100	0.8717	0.8244	0.7736	0.7667	0.7153	0.7305	0.5316	0.7305	0.7228
101	0.8722	0.8193	0.7880	0.7707	0.7680	0.6809	0.5515	0.6809	0.7218
102	0.8757	0.8218	0.7851	0.7695	0.7578	0.6879	0.5470	0.6879	0.7212
103	0.8682	0.8152	0.7765	0.7657	0.7299	0.7092	0.5338	0.7092	0.7194
104	0.8767	0.8235	0.7765	0.7691	0.7203	0.7305	0.5370	0.7305	0.7254
105	0.8699	0.8201	0.7765	0.7577	0.7561	0.6596	0.5262	0.6596	0.7045
106	0.8742	0.8209	0.7822	0.7682	0.7481	0.6950	0.5426	0.6950	0.7206
107	0.8752	0.8190	0.7794	0.7681	0.7353	0.7092	0.5392	0.7092	0.7220
108	0.8745	0.8210	0.7794	0.7715	0.7254	0.7305	0.5424	0.7305	0.7279
109	0.8775	0.8231	0.7937	0.7858	0.7447	0.7447	0.5716	0.7447	0.7447
110	0.8701	0.8167	0.7650	0.7629	0.6928	0.7518	0.5187	0.7518	0.7211
111	0.8727	0.8173	0.7708	0.7631	0.7133	0.7234	0.5251	0.7234	0.7183
112	0.8748	0.8219	0.7908	0.7823	0.7429	0.7376	0.5652	0.7376	0.7402
113	0.8656	0.8147	0.7765	0.7611	0.7442	0.6809	0.5295	0.6809	0.7111
114	0.8730	0.8212	0.7650	0.7640	0.6903	0.7589	0.5198	0.7589	0.7230
115	0.8730	0.8191	0.7765	0.7737	0.7086	0.7589	0.5411	0.7589	0.7329
116	0.8759	0.8282	0.7736	0.7770	0.6914	0.7943	0.5410	0.7943	0.7393
117	0.8717	0.8244	0.7708	0.7711	0.6943	0.7730	0.5325	0.7730	0.7315
118	0.8765	0.8247	0.7851	0.7832	0.7171	0.7730	0.5593	0.7730	0.7440
119	0.8691	0.8205	0.7822	0.7750	0.7273	0.7376	0.5488	0.7376	0.7324
120	0.8731	0.8252	0.7708	0.7677	0.7020	0.7518	0.5294	0.7518	0.7260
121	0.8722	0.8250	0.7851	0.7763	0.7357	0.7305	0.5532	0.7305	0.7331
122	0.8737	0.8220	0.7822	0.7705	0.7407	0.7092	0.5447	0.7092	0.7246
123	0.8749	0.8292	0.7794	0.7715	0.7254	0.7305	0.5424	0.7305	0.7279
124	0.8767	0.8241	0.7822	0.7739	0.7305	0.7305	0.5478	0.7305	0.7305
125	0.8779	0.8263	0.7765	0.7748	0.7059	0.7660	0.5422	0.7660	0.7347
126	0.8687	0.8145	0.7851	0.7740	0.7426	0.7163	0.5512	0.7163	0.7292
127	0.8675	0.8125	0.7880	0.7764	0.7481	0.7163	0.5567	0.7163	0.7319
128	0.8796	0.8307	0.7765	0.7702	0.7172	0.7376	0.5380	0.7376	0.7273
129	0.8698	0.8207	0.7622	0.7559	0.6986	0.7234	0.5090	0.7234	0.7108
130	0.8761	0.8278	0.7880	0.7821	0.7310	0.7518	0.5617	0.7518	0.7413
131	0.8680	0.8173	0.7822	0.7682	0.7481	0.6950	0.5426	0.6950	0.7206
132	0.8770	0.8266	0.7994	0.7849	0.7752	0.7092	0.5777	0.7092	0.7407
133	0.8722	0.8184	0.7908	0.7800	0.7500	0.7234	0.5632	0.7234	0.7365
134	0.8781	0.8262	0.7908	0.7777	0.7576	0.7092	0.5611	0.7092	0.7326
135	0.8727	0.8196	0.7880	0.7730	0.7597	0.6950	0.5536	0.6950	0.7259
136	0.8709	0.8175	0.7880	0.7730	0.7597	0.6950	0.5536	0.6950	0.7259
137	0.8712	0.8171	0.7966	0.7768	0.7917	0.6738	0.5672	0.6738	0.7280
138	0.8752	0.8223	0.7880	0.7764	0.7481	0.7163	0.5567	0.7163	0.7319
139	0.8652	0.8106	0.7880	0.7650	0.7913	0.6454	0.5462	0.6454	0.7109
140	0.8699	0.8114	0.7736	0.7576	0.7422	0.6738	0.5229	0.6738	0.7063
141	0.8674	0.8124	0.7851	0.7706	0.7538	0.6950	0.5481	0.6950	0.7232
142	0.8701	0.8208	0.7966	0.7871	0.7536	0.7376	0.5761	0.7376	0.7455
143	0.8743	0.8308	0.7708	0.7677	0.7020	0.7518	0.5294	0.7518	0.7260
144	0.8703	0.8274	0.7593	0.7524	0.6966	0.7163	0.5025	0.7163	0.7063
145	0.8711	0.8230	0.7851	0.7695	0.7578	0.6879	0.5470	0.6879	0.7212
146	0.8724	0.8281	0.7794	0.7726	0.7222	0.7376	0.5434	0.7376	0.7298
147	0.8684	0.8164	0.7851	0.7717	0.7500	0.7021	0.5491	0.7021	0.7253
148	0.8790	0.8340	0.7822	0.7716	0.7372	0.7163	0.5457	0.7163	0.7266
149	0.8757	0.8302	0.7708	0.7620	0.7163	0.7163	0.5240	0.7163	0.7163
150	0.8734	0.8270	0.7736	0.7644	0.7214	0.7163	0.5294	0.7163	0.7189
151	0.8737	0.8252	0.7622	0.7525	0.7071	0.7021	0.5056	0.7021	0.7046
152	0.8735	0.8223	0.7937	0.7755	0.7805	0.6809	0.5626	0.6809	0.7273
153	0.8754	0.8303	0.7880	0.7799	0.7376	0.7376	0.5597	0.7376	0.7376
154	0.8722	0.8250	0.7822	0.7762	0.7241	0.7447	0.5499	0.7447	0.7343
155	0.8705	0.8183	0.7822	0.7648	0.7600	0.6738	0.5394	0.6738	0.7143
156	0.8737	0.8296	0.7765	0.7634	0.7368	0.6950	0.5316	0.6950	0.7153
157	0.8757	0.8292	0.7851	0.7706	0.7538	0.6950	0.5481	0.6950	0.7232
158	0.8751	0.8271	0.7851	0.7695	0.7578	0.6879	0.5470	0.6879	0.7212
159	0.8737	0.8280	0.7736	0.7633	0.7246	0.7092	0.5283	0.7092	0.7168
160	0.8715	0.8232	0.7708	0.7574	0.7293	0.6879	0.5196	0.6879	0.7080
161	0.8742	0.8301	0.7736	0.7633	0.7246	0.7092	0.5283	0.7092	0.7168
162	0.8740	0.8309	0.7679	0.7733	0.6807	0.8014	0.5314	0.8014	0.7362
163	0.8732	0.8266	0.7822	0.7693	0.7444	0.7021	0.5436	0.7021	0.7226
164	0.8741	0.8252	0.7851	0.7672	0.7661	0.6738	0.5449	0.6738	0.7170
165	0.8753	0.8308	0.7851	0.7740	0.7426	0.7163	0.5512	0.7163	0.7292
166	0.8742	0.8303	0.7880	0.7707	0.7680	0.6809	0.5515	0.6809	0.7218
167	0.8752	0.8286	0.7908	0.7765	0.7615	0.7021	0.5601	0.7021	0.7306
168	0.8754	0.8338	0.7708	0.7643	0.7103	0.7305	0.5262	0.7305	0.7203
169	0.8734	0.8252	0.7908	0.7697	0.7881	0.6596	0.5539	0.6596	0.7181
170	0.8778	0.8352	0.7994	0.7849	0.7752	0.7092	0.5777	0.7092	0.7407
171	0.8719	0.8263	0.7679	0.7573	0.7174	0.7021	0.5164	0.7021	0.7097
172	0.8779	0.8324	0.7708	0.7700	0.6968	0.7660	0.5315	0.7660	0.7297
173	0.8791	0.8359	0.7966	0.7859	0.7574	0.7305	0.5751	0.7305	0.7437
174	0.8752	0.8326	0.7822	0.7636	0.7642	0.6667	0.5383	0.6667	0.7121
175	0.8752	0.8317	0.7908	0.7743	0.7698	0.6879	0.5581	0.6879	0.7266
176	0.8764	0.8341	0.7937	0.7801	0.7634	0.7092	0.5667	0.7092	0.7353
177	0.8755	0.8372	0.7765	0.7668	0.7266	0.7163	0.5348	0.7163	0.7214
178	0.8742	0.8273	0.7937	0.7767	0.7760	0.6879	0.5636	0.6879	0.7293
179	0.8749	0.8325	0.7794	0.7669	0.7388	0.7021	0.5382	0.7021	0.7200
180	0.8759	0.8373	0.7880	0.7833	0.7279	0.7589	0.5627	0.7589	0.7431
181	0.8746	0.8282	0.7908	0.7708	0.7833	0.6667	0.5550	0.6667	0.7203
182	0.8767	0.8352	0.7822	0.7728	0.7338	0.7234	0.5468	0.7234	0.7286
183	0.8776	0.8387	0.7794	0.7818	0.7000	0.7943	0.5516	0.7943	0.7442
184	0.8747	0.8364	0.7765	0.7668	0.7266	0.7163	0.5348	0.7163	0.7214
185	0.8715	0.8290	0.7736	0.7667	0.7153	0.7305	0.5316	0.7305	0.7228
186	0.8753	0.8250	0.7851	0.7683	0.7619	0.6809	0.5460	0.6809	0.7191
187	0.8752	0.8307	0.8052	0.7863	0.8017	0.6879	0.5859	0.6879	0.7405
188	0.8768	0.8358	0.7822	0.7716	0.7372	0.7163	0.5457	0.7163	0.7266
189	0.8709	0.8310	0.7765	0.7725	0.7114	0.7518	0.5401	0.7518	0.7310
190	0.8737	0.8329	0.7880	0.7730	0.7597	0.6950	0.5536	0.6950	0.7259
191	0.8756	0.8292	0.7794	0.7624	0.7540	0.6738	0.5339	0.6738	0.7116
192	0.8769	0.8361	0.7822	0.7773	0.7211	0.7518	0.5509	0.7518	0.7361
193	0.8763	0.8344	0.7880	0.7719	0.7638	0.6879	0.5525	0.6879	0.7239
194	0.8744	0.8339	0.7822	0.7750	0.7273	0.7376	0.5488	0.7376	0.7324
195	0.8734	0.8283	0.7880	0.7719	0.7638	0.6879	0.5525	0.6879	0.7239
196	0.8711	0.8274	0.7966	0.7779	0.7869	0.6809	0.5682	0.6809	0.7300
197	0.8739	0.8327	0.7880	0.7741	0.7557	0.7021	0.5546	0.7021	0.7279
198	0.8712	0.8287	0.7822	0.7716	0.7372	0.7163	0.5457	0.7163	0.7266
199	0.8760	0.8338	0.7937	0.7835	0.7518	0.7305	0.5696	0.7305	0.7410
