Epoch	AUC_dev	PR_AUC	ACC	BACC	PREC	TPR	KAPPA	RECALL	f1_scores
0	0.6507	0.4156	0.7221	0.5005	0.4000	0.0023	0.0014	0.0023	0.0046
0	0.6511	0.4143	0.7230	0.5026	0.6000	0.0070	0.0074	0.0070	0.0138
1	0.6603	0.4497	0.7246	0.5041	1.0000	0.0081	0.0117	0.0081	0.0161
2	0.6757	0.4586	0.7333	0.5308	0.6771	0.0754	0.0848	0.0754	0.1357
3	0.6856	0.4716	0.7314	0.5273	0.6556	0.0684	0.0754	0.0684	0.1239
4	0.6932	0.4773	0.7391	0.5605	0.6171	0.1589	0.1569	0.1589	0.2528
5	0.7003	0.4835	0.7388	0.5742	0.5847	0.2042	0.1856	0.2042	0.3027
6	0.7119	0.4909	0.7388	0.5564	0.6269	0.1462	0.1476	0.1462	0.2371
7	0.7137	0.4986	0.7414	0.5749	0.6028	0.2007	0.1886	0.2007	0.3011
8	0.7214	0.5032	0.7388	0.5989	0.5581	0.2842	0.2329	0.2842	0.3766
9	0.7284	0.5119	0.7388	0.6349	0.5398	0.4014	0.2930	0.4014	0.4604
10	0.7301	0.5153	0.7414	0.5710	0.6113	0.1879	0.1805	0.1879	0.2875
11	0.7362	0.5245	0.7504	0.5894	0.6426	0.2274	0.2232	0.2274	0.3359
12	0.7461	0.5383	0.7498	0.5950	0.6246	0.2471	0.2335	0.2471	0.3541
13	0.7483	0.5335	0.7459	0.6091	0.5817	0.3016	0.2562	0.3016	0.3972
14	0.7452	0.5355	0.7478	0.5765	0.6574	0.1914	0.1958	0.1914	0.2965
15	0.7425	0.5366	0.7491	0.5831	0.6487	0.2100	0.2100	0.2100	0.3173
16	0.7524	0.5368	0.7514	0.6036	0.6190	0.2715	0.2506	0.2715	0.3774
17	0.7573	0.5516	0.7549	0.6489	0.5832	0.4107	0.3277	0.4107	0.4820
18	0.7570	0.5484	0.7523	0.5986	0.6356	0.2529	0.2420	0.2529	0.3618
19	0.7599	0.5492	0.7510	0.6284	0.5857	0.3527	0.2927	0.3527	0.4403
20	0.7575	0.5510	0.7536	0.6130	0.6169	0.2970	0.2690	0.2970	0.4009
21	0.7605	0.5638	0.7472	0.6354	0.5658	0.3840	0.3005	0.3840	0.4575
22	0.7538	0.5469	0.7491	0.6374	0.5712	0.3863	0.3053	0.3863	0.4609
23	0.7566	0.5499	0.7517	0.6514	0.5708	0.4258	0.3284	0.4258	0.4877
24	0.7659	0.5688	0.7491	0.6685	0.5548	0.4872	0.3501	0.4872	0.5188
25	0.7654	0.5612	0.7527	0.6149	0.6088	0.3051	0.2714	0.3051	0.4065
26	0.7620	0.5502	0.7472	0.6132	0.5835	0.3121	0.2643	0.3121	0.4067
27	0.7687	0.5693	0.7549	0.6822	0.5637	0.5186	0.3735	0.5186	0.5402
28	0.7695	0.5590	0.7539	0.6661	0.5690	0.4687	0.3513	0.4687	0.5140
29	0.7663	0.5623	0.7507	0.6125	0.6019	0.3016	0.2658	0.3016	0.4019
30	0.7657	0.5506	0.7478	0.6262	0.5747	0.3527	0.2864	0.3527	0.4371
31	0.7755	0.5687	0.7562	0.6677	0.5747	0.4687	0.3556	0.4687	0.5163
32	0.7716	0.5715	0.7388	0.6881	0.5272	0.5742	0.3662	0.5742	0.5497
33	0.7687	0.5658	0.7565	0.6497	0.5883	0.4095	0.3303	0.4095	0.4829
34	0.7683	0.5644	0.7536	0.6463	0.5807	0.4049	0.3226	0.4049	0.4771
35	0.7774	0.5779	0.7623	0.6373	0.6265	0.3561	0.3166	0.3561	0.4541
36	0.7695	0.5591	0.7488	0.6443	0.5657	0.4095	0.3155	0.4095	0.4751
37	0.7734	0.5705	0.7556	0.6562	0.5801	0.4327	0.3388	0.4327	0.4957
38	0.7705	0.5571	0.7552	0.6484	0.5847	0.4084	0.3273	0.4084	0.4809
39	0.7733	0.5740	0.7572	0.6534	0.5877	0.4200	0.3363	0.4200	0.4899
40	0.7737	0.5655	0.7517	0.6728	0.5596	0.4954	0.3582	0.4954	0.5255
41	0.7736	0.5728	0.7308	0.6969	0.5125	0.6206	0.3697	0.6206	0.5614
42	0.7731	0.5714	0.7539	0.6293	0.5972	0.3492	0.2966	0.3492	0.4407
43	0.7778	0.5689	0.7591	0.6597	0.5893	0.4362	0.3472	0.4362	0.5013
44	0.7815	0.5754	0.7498	0.6843	0.5505	0.5371	0.3714	0.5371	0.5437
45	0.7734	0.5718	0.7543	0.6396	0.5886	0.3817	0.3130	0.3817	0.4631
46	0.7718	0.5646	0.7578	0.6499	0.5929	0.4072	0.3317	0.4072	0.4828
47	0.7745	0.5726	0.7494	0.6726	0.5540	0.5000	0.3560	0.5000	0.5256
48	0.7746	0.5803	0.7559	0.6478	0.5875	0.4049	0.3269	0.4049	0.4794
49	0.7753	0.5679	0.7565	0.6465	0.5911	0.3991	0.3255	0.3991	0.4765
50	0.7771	0.5670	0.7607	0.6651	0.5906	0.4501	0.3563	0.4501	0.5109
51	0.7783	0.5704	0.7546	0.6923	0.5587	0.5522	0.3859	0.5522	0.5554
52	0.7793	0.5773	0.7614	0.6770	0.5841	0.4872	0.3730	0.4872	0.5313
53	0.7753	0.5738	0.7462	0.6772	0.5448	0.5220	0.3590	0.5220	0.5332
54	0.7721	0.5604	0.7543	0.6763	0.5647	0.5012	0.3654	0.5012	0.5310
55	0.7722	0.5626	0.7440	0.6717	0.5413	0.5093	0.3498	0.5093	0.5248
56	0.7712	0.5559	0.7546	0.6487	0.5822	0.4107	0.3271	0.4107	0.4816
57	0.7764	0.5713	0.7424	0.6938	0.5328	0.5847	0.3763	0.5847	0.5575
58	0.7757	0.5679	0.7568	0.6749	0.5724	0.4907	0.3659	0.4907	0.5284
59	0.7757	0.5709	0.7552	0.6774	0.5668	0.5023	0.3676	0.5023	0.5326
60	0.7767	0.5725	0.7546	0.6794	0.5641	0.5104	0.3697	0.5104	0.5359
61	0.7747	0.5651	0.7565	0.6686	0.5751	0.4710	0.3571	0.4710	0.5179
62	0.7687	0.5617	0.7665	0.6577	0.6191	0.4130	0.3514	0.4130	0.4955
63	0.7767	0.5603	0.7527	0.6731	0.5620	0.4942	0.3595	0.4942	0.5259
64	0.7793	0.5725	0.7356	0.6941	0.5206	0.6009	0.3707	0.6009	0.5579
65	0.7676	0.5599	0.7462	0.6701	0.5471	0.4988	0.3496	0.4988	0.5218
66	0.7709	0.5596	0.7420	0.6839	0.5342	0.5534	0.3639	0.5534	0.5436
67	0.7740	0.5660	0.7520	0.6644	0.5644	0.4675	0.3472	0.4675	0.5114
68	0.7744	0.5647	0.7581	0.6730	0.5772	0.4814	0.3645	0.4814	0.5250
69	0.7750	0.5695	0.7572	0.6541	0.5871	0.4223	0.3373	0.4223	0.4912
70	0.7712	0.5644	0.7501	0.6717	0.5560	0.4954	0.3553	0.4954	0.5239
71	0.7743	0.5616	0.7552	0.6831	0.5641	0.5209	0.3750	0.5209	0.5416
72	0.7626	0.5462	0.7559	0.6671	0.5741	0.4675	0.3545	0.4675	0.5153
73	0.7674	0.5407	0.7436	0.6804	0.5383	0.5383	0.3608	0.5383	0.5383
74	0.7744	0.5700	0.7372	0.6774	0.5258	0.5429	0.3513	0.5429	0.5342
75	0.7698	0.5658	0.7610	0.6589	0.5968	0.4292	0.3478	0.4292	0.4993
76	0.7707	0.5566	0.7578	0.6631	0.5826	0.4501	0.3507	0.4501	0.5079
77	0.7710	0.5675	0.7498	0.6772	0.5531	0.5139	0.3622	0.5139	0.5328
78	0.7728	0.5614	0.7449	0.6742	0.5428	0.5151	0.3539	0.5151	0.5286
79	0.7633	0.5488	0.7262	0.6848	0.5060	0.5916	0.3513	0.5916	0.5455
80	0.7677	0.5512	0.7514	0.6743	0.5581	0.5012	0.3600	0.5012	0.5281
81	0.7673	0.5481	0.7491	0.6628	0.5572	0.4687	0.3423	0.4687	0.5091
82	0.7699	0.5578	0.7530	0.6840	0.5581	0.5290	0.3741	0.5290	0.5432
83	0.7689	0.5644	0.7594	0.6706	0.5825	0.4710	0.3626	0.4710	0.5208
84	0.7725	0.5691	0.7646	0.6871	0.5870	0.5128	0.3893	0.5128	0.5474
85	0.7724	0.5613	0.7591	0.6850	0.5731	0.5186	0.3813	0.5186	0.5445
86	0.7715	0.5650	0.7594	0.6713	0.5820	0.4733	0.3636	0.4733	0.5221
87	0.7674	0.5528	0.7539	0.6704	0.5668	0.4826	0.3572	0.4826	0.5213
88	0.7735	0.5678	0.7610	0.6796	0.5815	0.4965	0.3761	0.4965	0.5357
89	0.7638	0.5643	0.7546	0.6655	0.5712	0.4652	0.3511	0.4652	0.5128
90	0.7708	0.5580	0.7523	0.6875	0.5553	0.5418	0.3779	0.5418	0.5484
91	0.7692	0.5680	0.7578	0.6713	0.5772	0.4768	0.3620	0.4768	0.5222
92	0.7690	0.5543	0.7623	0.6794	0.5854	0.4930	0.3772	0.4930	0.5353
93	0.7685	0.5624	0.7575	0.6839	0.5694	0.5186	0.3783	0.5186	0.5428
94	0.7670	0.5510	0.7523	0.6693	0.5629	0.4826	0.3542	0.4826	0.5197
95	0.7704	0.5629	0.7472	0.6818	0.5456	0.5348	0.3658	0.5348	0.5401
96	0.7684	0.5445	0.7417	0.6827	0.5338	0.5499	0.3619	0.5499	0.5417
97	0.7674	0.5498	0.7543	0.6471	0.5824	0.4060	0.3244	0.4060	0.4785
98	0.7703	0.5585	0.7488	0.6829	0.5488	0.5348	0.3687	0.5348	0.5417
99	0.7654	0.5559	0.7488	0.6697	0.5535	0.4919	0.3515	0.4919	0.5209
