Epoch	AUC_dev	PR_AUC	ACC	BACC	PREC	TPR	KAPPA	RECALL	f1_scores
0	0.6381	0.3764	0.7388	0.5041	0.8750	0.0086	0.0119	0.0086	0.0170
1	0.6429	0.3841	0.7382	0.5048	0.6250	0.0122	0.0140	0.0122	0.0240
2	0.6549	0.3996	0.7362	0.5310	0.4938	0.0979	0.0836	0.0979	0.1634
3	0.6580	0.4041	0.7398	0.5126	0.6000	0.0330	0.0362	0.0330	0.0626
4	0.6658	0.4125	0.7395	0.5399	0.5215	0.1187	0.1062	0.1187	0.1934
5	0.6739	0.4232	0.7356	0.5526	0.4928	0.1665	0.1337	0.1665	0.2489
6	0.6706	0.4251	0.7417	0.5462	0.5369	0.1334	0.1217	0.1334	0.2137
7	0.6826	0.4393	0.7456	0.5480	0.5722	0.1310	0.1276	0.1310	0.2131
8	0.6832	0.4390	0.7469	0.5756	0.5486	0.2142	0.1881	0.2142	0.3081
9	0.6995	0.4474	0.7427	0.5925	0.5208	0.2754	0.2179	0.2754	0.3603
10	0.7067	0.4609	0.7391	0.6019	0.5070	0.3121	0.2324	0.3121	0.3864
11	0.7079	0.4607	0.7440	0.5634	0.5399	0.1824	0.1612	0.1824	0.2726
12	0.7143	0.4623	0.7433	0.5610	0.5373	0.1763	0.1557	0.1763	0.2654
13	0.7173	0.4650	0.7456	0.6153	0.5255	0.3403	0.2600	0.3403	0.4131
14	0.7103	0.4643	0.7424	0.5993	0.5181	0.2974	0.2302	0.2974	0.3779
15	0.7254	0.4839	0.7485	0.6137	0.5359	0.3293	0.2596	0.3293	0.4079
16	0.7280	0.4887	0.7478	0.6050	0.5368	0.3035	0.2441	0.3035	0.3878
17	0.7265	0.4851	0.7510	0.5808	0.5692	0.2215	0.2012	0.2215	0.3189
18	0.7222	0.4869	0.7504	0.6064	0.5465	0.3023	0.2484	0.3023	0.3893
19	0.7269	0.4717	0.7478	0.6164	0.5327	0.3390	0.2636	0.3390	0.4144
20	0.7347	0.4995	0.7404	0.6515	0.5074	0.4639	0.3116	0.4639	0.4847
21	0.7333	0.4866	0.7543	0.6106	0.5603	0.3072	0.2587	0.3072	0.3968
22	0.7195	0.4687	0.7501	0.5692	0.5774	0.1873	0.1767	0.1873	0.2828
23	0.7389	0.5060	0.7324	0.6496	0.4911	0.4749	0.3024	0.4749	0.4829
24	0.7332	0.5017	0.7462	0.6322	0.5237	0.3917	0.2878	0.3917	0.4482
25	0.7340	0.4985	0.7481	0.6253	0.5311	0.3660	0.2784	0.3660	0.4333
26	0.7417	0.5137	0.7575	0.6230	0.5653	0.3390	0.2823	0.3390	0.4239
27	0.7407	0.5136	0.7433	0.6425	0.5147	0.4296	0.3009	0.4296	0.4683
28	0.7479	0.5169	0.7533	0.6402	0.5421	0.4015	0.3059	0.4015	0.4613
29	0.7469	0.5173	0.7581	0.6427	0.5563	0.3990	0.3139	0.3990	0.4647
30	0.7430	0.5123	0.7539	0.6308	0.5479	0.3709	0.2919	0.3709	0.4423
31	0.7433	0.5089	0.7543	0.6369	0.5464	0.3892	0.3017	0.3892	0.4546
32	0.7492	0.5191	0.7182	0.6770	0.4716	0.5900	0.3275	0.5900	0.5242
33	0.7507	0.5189	0.7462	0.6515	0.5205	0.4517	0.3165	0.4517	0.4836
34	0.7466	0.5090	0.7411	0.6335	0.5100	0.4064	0.2856	0.4064	0.4523
35	0.7424	0.4969	0.7469	0.6406	0.5239	0.4162	0.3010	0.4162	0.4638
36	0.7398	0.5035	0.7243	0.6508	0.4770	0.4957	0.2979	0.4957	0.4862
37	0.7493	0.5106	0.7539	0.6379	0.5450	0.3929	0.3029	0.3929	0.4566
38	0.7407	0.4860	0.7498	0.6228	0.5370	0.3550	0.2757	0.3550	0.4274
39	0.7441	0.5022	0.7398	0.6416	0.5064	0.4345	0.2968	0.4345	0.4677
40	0.7509	0.5101	0.7498	0.6587	0.5277	0.4663	0.3296	0.4663	0.4951
41	0.7478	0.5121	0.7391	0.6648	0.5043	0.5080	0.3289	0.5080	0.5061
42	0.7455	0.5071	0.7536	0.6200	0.5520	0.3378	0.2741	0.3378	0.4191
43	0.7471	0.5010	0.7343	0.6549	0.4950	0.4871	0.3113	0.4871	0.4911
44	0.7459	0.5019	0.7108	0.6790	0.4625	0.6120	0.3244	0.6120	0.5269
45	0.7408	0.4964	0.7324	0.6590	0.4916	0.5043	0.3155	0.5043	0.4979
46	0.7443	0.5088	0.7485	0.6479	0.5266	0.4357	0.3133	0.4357	0.4769
47	0.7447	0.5058	0.7192	0.6591	0.4703	0.5324	0.3053	0.5324	0.4994
48	0.7441	0.5065	0.7343	0.6572	0.4951	0.4945	0.3145	0.4945	0.4948
49	0.7483	0.5092	0.7424	0.6572	0.5111	0.4774	0.3212	0.4774	0.4937
50	0.7456	0.5115	0.7366	0.6493	0.4993	0.4651	0.3053	0.4651	0.4816
51	0.7477	0.5151	0.7430	0.6517	0.5130	0.4590	0.3140	0.4590	0.4845
52	0.7450	0.5003	0.7427	0.6393	0.5134	0.4211	0.2957	0.4211	0.4627
53	0.7499	0.5142	0.7320	0.6742	0.4918	0.5520	0.3352	0.5520	0.5202
54	0.7457	0.5086	0.7198	0.6592	0.4712	0.5312	0.3058	0.5312	0.4994
55	0.7472	0.5167	0.7298	0.6597	0.4872	0.5116	0.3143	0.5116	0.4991
56	0.7517	0.5205	0.7562	0.6489	0.5476	0.4223	0.3214	0.4223	0.4768
57	0.7406	0.5024	0.7362	0.6302	0.4985	0.4064	0.2768	0.4064	0.4477
58	0.7419	0.4993	0.7491	0.6326	0.5320	0.3868	0.2908	0.3868	0.4479
59	0.7514	0.5062	0.7391	0.6538	0.5046	0.4737	0.3138	0.4737	0.4886
60	0.7526	0.5137	0.7427	0.6515	0.5123	0.4590	0.3134	0.4590	0.4842
61	0.7496	0.5086	0.7456	0.6523	0.5188	0.4553	0.3170	0.4553	0.4850
62	0.7498	0.5164	0.7385	0.6734	0.5029	0.5361	0.3396	0.5361	0.5190
63	0.7307	0.4917	0.7543	0.6200	0.5544	0.3366	0.2747	0.3366	0.4189
64	0.7448	0.5104	0.7559	0.6333	0.5533	0.3745	0.2975	0.3745	0.4467
65	0.7478	0.5126	0.7417	0.6528	0.5101	0.4651	0.3145	0.4651	0.4866
66	0.7474	0.5136	0.7275	0.6597	0.4834	0.5165	0.3125	0.5165	0.4994
67	0.7451	0.5126	0.7224	0.6550	0.4745	0.5129	0.3022	0.5129	0.4929
68	0.7491	0.5179	0.7411	0.6520	0.5087	0.4639	0.3128	0.4639	0.4853
69	0.7432	0.5069	0.7346	0.6610	0.4958	0.5055	0.3199	0.5055	0.5006
70	0.7422	0.5002	0.7452	0.6414	0.5196	0.4223	0.3010	0.4223	0.4659
71	0.7443	0.5089	0.7430	0.6513	0.5130	0.4578	0.3135	0.4578	0.4838
72	0.7476	0.5107	0.7552	0.6466	0.5456	0.4174	0.3172	0.4174	0.4730
73	0.7342	0.4906	0.7498	0.6299	0.5347	0.3770	0.2871	0.3770	0.4422
74	0.7433	0.5001	0.7462	0.6319	0.5238	0.3905	0.2872	0.3905	0.4474
75	0.7489	0.5153	0.7275	0.6636	0.4838	0.5288	0.3178	0.5288	0.5053
76	0.7435	0.4942	0.7472	0.6463	0.5237	0.4333	0.3097	0.4333	0.4742
77	0.7473	0.5103	0.7340	0.6594	0.4946	0.5018	0.3172	0.5018	0.4982
78	0.7462	0.5051	0.7237	0.6740	0.4789	0.5692	0.3281	0.5692	0.5201
79	0.7438	0.4967	0.7388	0.6465	0.5041	0.4517	0.3031	0.4517	0.4764
80	0.7408	0.5037	0.7382	0.6480	0.5027	0.4578	0.3048	0.4578	0.4792
81	0.7451	0.5079	0.7433	0.6551	0.5134	0.4688	0.3190	0.4688	0.4901
82	0.7460	0.5098	0.7585	0.6461	0.5557	0.4088	0.3192	0.4088	0.4711
83	0.7391	0.4990	0.7501	0.6368	0.5337	0.3978	0.2981	0.3978	0.4558
84	0.7390	0.4969	0.7436	0.6545	0.5142	0.4663	0.3185	0.4663	0.4891
85	0.7427	0.5071	0.7523	0.6415	0.5388	0.4076	0.3071	0.4076	0.4641
86	0.7377	0.5066	0.7449	0.6483	0.5178	0.4443	0.3108	0.4443	0.4783
87	0.7428	0.5042	0.7388	0.6516	0.5040	0.4676	0.3104	0.4676	0.4851
88	0.7371	0.4914	0.7404	0.6511	0.5074	0.4627	0.3111	0.4627	0.4840
89	0.7466	0.5092	0.7359	0.6595	0.4982	0.4982	0.3190	0.4982	0.4982
90	0.7403	0.5072	0.7366	0.6650	0.4994	0.5141	0.3270	0.5141	0.5066
91	0.7408	0.5108	0.7520	0.6621	0.5324	0.4725	0.3365	0.4725	0.5006
92	0.7413	0.5021	0.7362	0.6644	0.4988	0.5129	0.3259	0.5129	0.5057
93	0.7396	0.4966	0.7485	0.6322	0.5302	0.3868	0.2896	0.3868	0.4473
94	0.7363	0.4894	0.7404	0.6468	0.5076	0.4492	0.3049	0.4492	0.4766
95	0.7425	0.5037	0.7388	0.6607	0.5037	0.4957	0.3230	0.4957	0.4997
96	0.7371	0.5011	0.7369	0.6495	0.5000	0.4651	0.3059	0.4651	0.4819
97	0.7377	0.5003	0.7475	0.6378	0.5261	0.4064	0.2975	0.4064	0.4586
98	0.7397	0.5058	0.7424	0.6528	0.5115	0.4639	0.3151	0.4639	0.4865
99	0.7439	0.5152	0.7291	0.6659	0.4866	0.5324	0.3221	0.5324	0.5085
